 -11.066582 
 -24.063840 
  12.885747 
  25.536161 
 -27.800309 
  -5.682294 
  27.133208 
   6.361258 
 -28.685561 
  -1.606813 
  28.261723 
   2.503049 
 -19.206342 
  18.402888 
  22.501871 
 -21.042999 
  -4.393654 
  27.325693 
   7.627308 
 -28.407428 
  16.080133 
  23.966472 
 -16.735201 
 -18.549384 
  26.246566 
  10.172508 
 -27.658418 
  -3.622618 
  25.816093 
 -14.246967 
 -21.915579 
  16.773715 
   7.858092 
 -28.474533 
  -1.564848 
  28.185771 
  -9.889823 
 -23.819630 
  13.802317 
  25.898210 
 -27.342225 
  -4.304119 
  27.216013 
   8.742749 
 -25.747589 
  11.428374 
  26.678793 
  -8.799744 
