 201.137676 
 304.456667 
  24.638504 
 118.231719 
 254.783478 
 348.979098 
  69.016085 
 167.686840 
 266.727432 
 356.497442 
  78.253319 
 174.863274 
 319.899731 
  36.931228 
 129.985362 
 224.235120 
 351.136993 
  71.317120 
 164.737856 
 265.751199 
  30.963737 
 123.283934 
 212.252439 
 319.993278 
  63.853331 
 158.707871 
 253.101425 
 351.181913 
 114.969365 
 205.546113 
 310.135929 
  31.252248 
 163.056091 
 261.338240 
 354.846771 
  77.155412 
 196.383598 
 303.403127 
  24.579341 
 113.880303 
 250.576128 
 349.374476 
  70.077324 
 160.482349 
 293.100521 
  18.915208 
 107.211404 
 193.220609 
